> -L"Duke River" -W1p,- -Sf2/5p+r+t+o0.5
-140.972960451	61.4696146801
-140.935118408	61.4596119315
-140.879865736	61.4415262645
-140.712869131	61.4152231513
-140.318775146	61.3809443171
-140.03630069	61.3518953998
-139.89119537	61.3371756071
-139.828077989	61.3199112727
-139.778055257	61.3152712101
-139.698180062	61.306081732
-139.623328638	61.295687055
-139.547636774	61.2904550046
-139.463032955	61.2768725774
-139.379860681	61.2671561697
-139.301648772	61.2456073374
-139.253003014	61.2274795973
-139.215441382	61.2322781286
-139.134800064	61.2234913504
-139.051958493	61.1800199579
-139.01823144	61.1609294933
-138.948005082	61.1475794729
-138.916947298	61.1301262064
-138.850800475	61.1080155263
-138.832986676	61.0926832039
-138.794580462	61.0891712356
-138.750081789	61.0666033432
-138.723264303	61.0434132597
-138.704509133	61.0165009862
-138.644371874	60.9871655946
-138.612978792	60.9750036426
-138.533881354	60.9693930665
-138.523153861	60.9634466508
-138.491010839	60.9502123821
-138.424779844	60.9450438616
-138.380729751	60.9386613922
-138.331346325	60.9253114858
-138.30028725	60.9202614483
-138.283260892	60.9077789487
-138.271416362	60.9072330413
-138.263673718	60.9050721411
-138.263537074	60.8964883815
-138.255003923	60.89400433
-138.222069788	60.8904522198
-138.20046596	60.8767311549
-138.177345423	60.8696259051
-138.140058332	60.8550410254
-138.100383928	60.8220519549
-138.085843247	60.8266173299
-138.072539333	60.8218236238
-138.045676952	60.8025818227
-138.0274379	60.7987114666
-138.015204197	60.7905833785
-137.989877804	60.764172717
-137.94335727	60.7529041683
-137.921165242	60.7345170546
-137.890006341	60.7147131847
-137.88666029	60.6921369463
-137.798494191	60.6031614899
-137.774916552	60.5621353442
-137.706533435	60.524544612
-137.664537509	60.4867597228
-137.626317496	60.4520338747
-137.582507874	60.4196827944
-137.572163208	60.3705989939
-137.539378373	60.3534134947
-137.524775465	60.3146320039
-137.491454992	60.292041536
-137.461409015	60.2565289542
-137.404887061	60.1684414955
-137.313626802	60.1035065222
-137.243364499	60.0686405622
-137.109581677	60.0000095123
-137.01616395	59.9449726644
-136.735704097	59.8156310083
-136.723498793	59.8122593617
-136.666997642	59.7789790452
-136.604053553	59.7283003129
-136.559657039	59.6857840155
-136.499511422	59.6547521398
-136.453200309	59.6298501322
-136.346243386	59.6020162363
-136.234823409	59.5626640888
-136.223806489	59.5433540502
-136.05725172	59.4186582161
-135.947330362	59.3354853312
-135.899095144	59.2919543503
-135.850231423	59.2477151307
> -L -Wthicker -Sf2/6p+l+t+o1
# @D"Alaska-Aleutian Megathrust"|111|5269a|<150|1|>5|1|T|Northwest|1|"Well Constrained"|250|
-180.0 50.399216485466
-179.439915502533 50.369863905856
-178.999306078672 50.369863905856
-178.520382790733 50.369863905856
-178.012724106309 50.3821146674907
-177.351809969169 50.4066066471546
-176.911200544409 50.4494370035909
-176.106609421247 50.5044473791923
-175.484009147286 50.5898911710947
-174.803938079456 50.638646316818
-174.047239285268 50.7116837940523
-173.156441969953 50.814958025645
-172.409321641559 50.9058921020939
-171.633465915782 51.0087352751481
-170.800139395235 51.1294344142488
-170.014705203663 51.2738559130061
-169.277163341064 51.4657103616485
-168.817396984715 51.5971418371771
-167.878707341325 51.8351317973029
-166.796340711015 52.1013674442905
-165.943857259778 52.2897243585145
-165.139266136616 52.5006679460532
-164.392145807324 52.6931435735085
-163.779124000057 52.8847702121897
-163.099052931327 53.0582409132633
-162.332775671344 53.2310126028
-161.595233808745 53.3916366496638
-160.800221151378 53.517415558885
-159.928580767653 53.6314354215831
-159.229352768233 53.7678517626778
-157.936259891337 54.0280762836649
-156.873144580061 54.2307184471871
-156.078233385104 54.3701951181949
-155.59245432072 54.4937761976911
-155.274489843277 54.6016026921754
-154.853975101066 54.8389601429303
-154.532572727745 54.9945218773128
-154.009088933475 55.1954827690931
-153.233233207697 55.5120038859404
-152.428642084535 55.8529385229
-152.007189591365 56.0249704607122
-151.218002319422 56.3089981076684
-150.546997070555 56.499000549181
-150.080993652431 56.623001098552
-149.602994687674 56.7844019752881
-149.152806798018 56.9470326722013
-148.750511236437 57.114165734922
-148.17580329145 57.3738032504341
-147.802243127253 57.5956259545478
-147.419104496362 57.8416476643891
-147.035965866371 58.0961390901771
-146.739033428532 58.3488209001776
-146.406193399401 58.6441418104964
-146.145168551955 58.8587144960719
-145.790765319348 59.1010180345261
-145.580039072763 59.228893906413
>
-180.024201913362 50.40048484429
-180.000000000126 50.399216485466
>
-180.033780379157 50.4188478660832
-180.000000000126 50.4168236945427
>
-180.014623447567 50.4249672839458
-180.000000000126 50.4248948606435
>
# @D"Aleutian megathrust"|111|5269b|<150|1|>5|1|T|vertical|1|"Well Constrained"|250|SS
-180.0 50.4129308910053
-179.99546651593 50.4127276541193
>
-191.125643719119 53.2539960830743
-190.225267938909 52.8847702121897
-189.300003051916 52.4980010983062
-188.137162404646 52.0600573917448
-187.035995483285 51.683998107856
-185.771281364133 51.3398970353731
-185.02416103574 51.1655824671644
-184.650600871543 51.0872257087694
-184.037579063377 50.948267004083
-183.328772598163 50.8270928709653
-182.754064652276 50.7056017016512
-182.30387676262 50.6325547014959
-181.729168817633 50.5349808909345
-181.240667063899 50.4861177393335
-180.531860598685 50.4249672839458
-180.005044981772 50.4004848442899
>
# @D"Aleutian fault"|111|5269c|<150|1|>5|1|SS|vertical|1|"Well Constrained"|250|
-195.934005737451 55.2089996340521
-195.129442403339 54.9812182721839
-194.593048320632 54.8045491673865
-194.219488156435 54.649324544766
>
# @D"Aleutian fault"|111|5269c|<150|1|>5|1|SS|vertical|1|"Well Constrained"|250|
-194.20990969064 54.6437697590449
-193.481946293837 54.3258848599103
>
# @D"Aleutian fault"|111|5269c|<150|1|>5|1|SS|vertical|1|"Well Constrained"|250|
-193.491524759631 54.3202857591969
-192.581570513626 53.9207895964368
-191.844028650128 53.5744641066723
>
# @D"Aleutian fault"|111|5269c|<150|1|>5|1|SS|vertical|1|"Well Constrained"|250|
-191.844028650128 53.5858645467378
-191.116065253324 53.2539960830743

> -L"Denali" -Wthicker -Sf10/0.25i+r+s40+o5
-135.89974842	59.397552253
-135.921179366	59.4484308554
-135.978838977	59.4982926281
-136.045174315	59.5519988892
-136.110351673	59.5933538184
-136.188060746	59.6388732665
-136.42402219	59.7450768159
-136.577429174	59.8258934574
-136.76579961	59.9339323554
-136.851175823	59.9839194858
-136.925693636	60.04302983
-136.99953089	60.0946693173
-137.037010912	60.1320796636
-137.138519774	60.223191063
-137.184029294	60.256096502
-137.229934472	60.283011382
-137.281135073	60.3192341931
-137.30033252	60.3364142447
-137.343147563	60.3651985697
-137.482456536	60.4486690117
-137.601650727	60.5077677302
-137.724996241	60.5671964694
-137.783554702	60.6345687248
-137.892170755	60.7439620738
-138.002603142	60.8180202097
-138.119303983	60.8899393025
-138.248478982	60.9403431095
-138.374142057	61.0021275111
-138.538781514	61.0923576668
-138.58154732	61.1100200417
-138.616525479	61.1347066399
-138.684394114	61.1715417023
-138.869242462	61.2527903456
-139.006975011	61.3063152811
-139.215200121	61.3895729399
-139.246705666	61.4163420694
-139.529964019	61.5391965819
-139.626581923	61.5615054845
-139.832005075	61.6644195109
-139.922018307	61.703045443
-140.31252876	61.8869733868
-140.389769153	61.9201144271
-140.736393611	62.0667788974
-140.997438596	62.1576920322
-141.515990691	62.2711489474
-141.995968857	62.4104315526
-142.991130234	62.7430702673
-143.587670091	62.9095493191
-144.932227354	63.2230155435
-145.910517798	63.4184104831
-145.992075747	63.4289054758
-146.915579155	63.543950806
-146.978034188	63.548633651
> -L"Fairweather" -Wthicker -Sf7/0.2i+r+s40+o1.5
-137.002459362	58.3776874028
-137.303803753	58.5785961941
-137.559724605	58.7427727644
-137.775941578	58.9157958626
-138.045773006	59.1316285242
-138.272487576	59.3337987106
-138.525907316	59.5039495573
-138.749454508	59.6599836396
-139.060313223	59.8643200219
-139.234554206	59.9766447057
-139.493238946	60.1221204529
-139.641765271	60.1746123766
-139.750133393	60.2060045155
-139.868992383	60.2383287239
-140.172116557	60.3274011168
-140.336623372	60.3504149915
-140.563263263	60.3655712036
-141.000022212	60.3883623479
> -L"Queen Charlotte" -Wthicker -Sf7/0.2i+r+s40+o1
-123.002142477	48.3135729668
-123.583413918	48.4989195459
-123.59293732	48.4873045156
-123.630637295	48.4960520094
-123.664833147	48.5044382169
-123.715660254	48.5194557969
-123.75850024	48.5386869663
-123.805994338	48.570891731
-123.871682591	48.6022936165
-123.934241565	48.6132692338
-123.999689123	48.6094194956
-124.054535357	48.6045326455
-124.159727339	48.5992626832
-124.253378871	48.5978344176
-124.394298312	48.5930450877
-124.466737259	48.5894923826
-124.53563261	48.5855704289
-124.600983682	48.5812872697
-124.666322045	48.5769570144
-124.730777539	48.5775149505
-124.797473605	48.5857321544
-124.931082475	48.622061408
-125.126409308	48.6982525408
-125.224601826	48.7562177485
-125.382997897	48.8662783996
-125.604115371	48.9957112181
-125.774545274	49.0858104602
-125.891851246	49.1717111519
-125.9803417	49.2104686896
-126.078680092	49.2572954717
-126.20206494	49.2832719949
-126.323132573	49.3263647188
-126.528067177	49.3916900401
-126.966048867	49.5729024539
-127.483379454	49.8438815013
-127.755429947	50.0263021398
-127.925942645	50.1590172757
-128.142547128	50.2788457358
-128.517902984	50.470552124
-128.862455908	50.6739539672
-129.01643099	50.8108758251
-129.192968367	50.9555226502
-129.555441448	51.1637988784
-130.272057072	51.51731665
-130.845143815	51.7973642006
-131.268714063	52.0067307194
-131.64912478	52.3007555479
-132.126813851	52.6586500544
-132.531519862	52.9922812811
-132.920009892	53.3602488455
-133.00368809	53.4283593167
-133.33685879	53.781050652
-133.649675203	54.1372781855
-133.874728955	54.3866318159
-134.083608612	54.6376826425
-134.376151841	54.9513824304
-134.611026284	55.1987132304
-134.922851722	55.5657193439
-135.080850785	55.7449764172
-135.242720017	55.9543426056
-135.601751928	56.4017172436
-135.771785106	56.6327983239
-135.959958014	56.8858526537
-136.175207312	57.1072831853
-136.321459799	57.3078003289
-136.448519407	57.5695628317
-136.549430071	57.8320332323
-136.685944843	58.0247490864
-136.772773808	58.1507529876
-136.89095491	58.3012384283
> -L"Chatham Strait" -W1p,- -Sf5/0.2i+r+s40+o3+p1
-134.916762203	55.5881251949
-134.723388338	55.9319382182
-134.613918461	56.220807229
-134.603067524	56.3555302293
-134.598291712	56.746744223
-134.728144951	57.2027401965
-134.765418061	57.4120581867
-134.836704267	57.7925861689
-134.866823383	58.0028861603
-134.96095247	58.1479161439
-135.028785596	58.3657741288
-135.140303199	58.6011431434
-135.306026748	58.9117345201
-135.485506697	59.062813373
-135.836209069	59.2349935597
-135.852459944	59.2897212934
-135.89974842	59.397552253
> -L"Totschunda" -Wthicker -Sf7/0.2i+r+s40+o1
-143.278423634	62.8235282479
-142.963880828	62.6556094836
-142.630771087	62.4443210279
-142.310762555	62.1862726307
-142.071648507	61.938265364
-141.849881033	61.817134464
-141.712819801	61.7186906456
-141.532209343	61.623139732
-141.299825283	61.5524615685
-141.000021661	61.4716277974
-140.972960451	61.4696146801
> -L"McKinley" -Sf10/0.2i+r+s40+o3
-153.640055039	62.4965610808
-153.462054961	62.5209149797
-152.993584036	62.5955890507
-152.741513092	62.6547540879
-152.475488143	62.7099711278
-152.110886475	62.7562100839
-151.135152235	63.1266317398
-151.122249238	63.1497770961
-150.170690152	63.2920724218
-149.1245128	63.4059224287
-148.543373232	63.4582543694
-147.757355092	63.4664543103
-147.002619428	63.5309021387
-146.962853926	63.5474981056
